# eigenvalue_max eigenvalue_max^2 eigenvector0 eigenvector1 eigenvector2
0.8483207709222413	0.7196481303781058	-0.004465086246293197	0.0015739871211973178	0.9999887927218762
0.8521000438249577	0.7260744846864949	-0.006129626061699503	-0.004770340058144864	-0.9999698353150827
0.8514591333578589	0.7249826557785162	-0.003540104349477243	0.004657518907324666	-0.9999828874429918
0.8537173602180481	0.7288333311376726	-0.013164831342147047	-0.003681966699249749	-0.9999065608030373
0.8574486291345853	0.7352181516047797	-0.0029353489064281287	-0.0015988618476222558	-0.9999944136681913
0.8505850528071887	0.723494932059008	0.0010563563470938114	-0.011439174183736422	0.9999340125254575
0.8610372372958381	0.7413851240100495	-0.0038087531008238447	-0.0019476465972628931	-0.9999908499944131
0.8590879787529326	0.7380321552377992	-0.010524259344031546	-0.0014284069166025225	-0.9999435982188896
0.8593079473186006	0.7384101483249069	-0.007207070906679423	-0.0033846795185336234	-0.9999683005343234
0.8599175767073297	0.7394582387302063	0.010226881686546981	-0.007715724368980321	0.9999179358769554


#  eigenvalue_max_avg std_dev (1/\sqrt(N)*\sqrt([x^2]-[x]^2))\n
0.8552981730339582	0.001370051076684585