1
2
4
8
16
32
64
128
256
512
1024
2048
4096
8192
16384
32768
65536
131072
262144
524288
1048576
1048577
1048578
1048580
1048584
1048592
1048608
1048640
1048704
1048832
1049088
1049600
1050624
1052672
1056768
1064960
1081344
1114112
1179648
1310720
1572864
2097152
2097153
2097154
2097156
2097160
2097168
2097184
2097216
2097280
2097408
2097664
2098176
2099200
2101248
2105344
2113536
2129920
2162688
2228224
2359296
2621440
3145728
3145729
3145730
3145732
3145736
3145744
3145760
3145792
3145856
3145984
3146240
3146752
3147776
3149824
3153920
3162112
3178496
3211264
3276800
3407872
3670016
4194304
4194305
4194306
4194308
4194312
4194320
4194336
4194368
4194432
4194560
4194816
4195328
4196352
4198400
4202496
4210688
4227072
4259840
4325376
4456448
4718592
5242880
5242881
5242882
5242884
5242888
5242896
5242912
5242944
5243008
5243136
5243392
5243904
5244928
5246976
5251072
5259264
5275648
5308416
5373952
5505024
5767168
6291456
6291457
6291458
6291460
6291464
6291472
6291488
6291520
6291584
6291712
6291968
6292480
6293504
6295552
6299648
6307840
6324224
6356992
6422528
6553600
6815744
7340032
7340033
7340034
7340036
7340040
7340048
7340064
7340096
7340160
7340288
7340544
7341056
7342080
7344128
7348224
7356416
7372800
7405568
7471104
7602176
7864320
8388608
8388609
8388610
8388612
8388616
8388624
8388640
8388672
8388736
8388864
8389120
8389632
8390656
8392704
8396800
8404992
8421376
8454144
8519680
8650752
8912896
9437184
9437185
9437186
9437188
9437192
9437200
9437216
9437248
9437312
9437440
9437696
9438208
9439232
9441280
9445376
9453568
9469952
9502720
9568256
9699328
9961472
10485760
10485761
10485762
10485764
10485768
10485776
10485792
10485824
10485888
10486016
10486272
10486784
10487808
10489856
10493952
10502144
10518528
10551296
10616832
10747904
11010048
11534336
11534337
11534338
11534340
11534344
11534352
11534368
11534400
11534464
11534592
11534848
11535360
11536384
11538432
11542528
11550720
11567104
11599872
11665408
11796480
12058624
12582912
12582913
12582914
12582916
12582920
12582928
12582944
12582976
12583040
12583168
12583424
12583936
12584960
12587008
12591104
12599296
12615680
12648448
12713984
12845056
13107200
13631488
13631489
13631490
13631492
13631496
13631504
13631520
13631552
13631616
13631744
13632000
13632512
13633536
13635584
13639680
13647872
13664256
13697024
13762560
13893632
14155776
14680064
14680065
14680066
14680068
14680072
14680080
14680096
14680128
14680192
14680320
14680576
14681088
14682112
14684160
14688256
14696448
14712832
14745600
14811136
14942208
15204352
15728640
15728641
15728642
15728644
15728648
15728656
15728672
15728704
15728768
15728896
15729152
15729664
15730688
15732736
15736832
15745024
15761408
15794176
15859712
15990784
16252928
16777216
16777217
16777218
16777220
16777224
16777232
16777248
16777280
16777344
16777472
16777728
16778240
16779264
16781312
16785408
16793600
16809984
16842752
16908288
17039360
17301504
17825792
17825793
17825794
17825796
17825800
17825808
17825824
17825856
17825920
17826048
17826304
17826816
17827840
17829888
17833984
17842176
17858560
17891328
17956864
18087936
18350080
18874368
18874369
18874370
18874372
18874376
18874384
18874400
18874432
18874496
18874624
18874880
18875392
18876416
18878464
18882560
18890752
18907136
18939904
19005440
19136512
19398656
19922944
19922945
19922946
19922948
19922952
19922960
19922976
19923008
19923072
19923200
19923456
19923968
19924992
19927040
19931136
19939328
19955712
19988480
20054016
20185088
20447232
20971520
20971521
20971522
20971524
20971528
20971536
20971552
20971584
20971648
20971776
20972032
20972544
20973568
20975616
20979712
20987904
21004288
21037056
21102592
21233664
21495808
22020096
22020097
22020098
22020100
22020104
22020112
22020128
22020160
22020224
22020352
22020608
22021120
22022144
22024192
22028288
22036480
22052864
22085632
22151168
22282240
22544384
23068672
23068673
23068674
23068676
23068680
23068688
23068704
23068736
23068800
23068928
23069184
23069696
23070720
23072768
23076864
23085056
23101440
23134208
23199744
23330816
23592960
24117248
24117249
24117250
24117252
24117256
24117264
24117280
24117312
24117376
24117504
24117760
24118272
24119296
24121344
24125440
24133632
24150016
24182784
24248320
24379392
24641536
25165824
25165825
25165826
25165828
25165832
25165840
25165856
25165888
25165952
25166080
25166336
25166848
25167872
25169920
25174016
25182208
25198592
25231360
25296896
25427968
25690112
26214400
26214401
26214402
26214404
26214408
26214416
26214432
26214464
26214528
26214656
26214912
26215424
26216448
26218496
26222592
26230784
26247168
26279936
26345472
26476544
26738688
27262976
27262977
27262978
27262980
27262984
27262992
27263008
27263040
27263104
27263232
27263488
27264000
27265024
27267072
27271168
27279360
27295744
27328512
27394048
27525120
27787264
28311552
28311553
28311554
28311556
28311560
28311568
28311584
28311616
28311680
28311808
28312064
28312576
28313600
28315648
28319744
28327936
28344320
28377088
28442624
28573696
28835840
29360128
29360129
29360130
29360132
29360136
29360144
29360160
29360192
29360256
29360384
29360640
29361152
29362176
29364224
29368320
29376512
29392896
29425664
29491200
29622272
29884416
30408704
30408705
30408706
30408708
30408712
30408720
30408736
30408768
30408832
30408960
30409216
30409728
30410752
30412800
30416896
30425088
30441472
30474240
30539776
30670848
30932992
31457280
31457281
31457282
31457284
31457288
31457296
31457312
31457344
31457408
31457536
31457792
31458304
31459328
31461376
31465472
31473664
31490048
31522816
31588352
31719424
31981568
32505856
32505857
32505858
32505860
32505864
32505872
32505888
32505920
32505984
32506112
32506368
32506880
32507904
32509952
32514048
32522240
32538624
32571392
32636928
32768000
33030144
33554432
33554433
33554434
33554436
33554440
33554448
33554464
33554496
33554560
33554688
33554944
33555456
33556480
33558528
33562624
33570816
33587200
33619968
33685504
33816576
34078720
34603008
34603009
34603010
34603012
34603016
34603024
34603040
34603072
34603136
34603264
34603520
34604032
34605056
34607104
34611200
34619392
34635776
34668544
34734080
34865152
35127296
35651584
35651585
35651586
35651588
35651592
35651600
35651616
35651648
35651712
35651840
35652096
35652608
35653632
35655680
35659776
35667968
35684352
35717120
35782656
35913728
36175872
36700160
36700161
36700162
36700164
36700168
36700176
36700192
36700224
36700288
36700416
36700672
36701184
36702208
36704256
36708352
36716544
36732928
36765696
36831232
36962304
37224448
37748736
37748737
37748738
37748740
37748744
37748752
37748768
37748800
37748864
37748992
37749248
37749760
37750784
37752832
37756928
37765120
37781504
37814272
37879808
38010880
38273024
38797312
38797313
38797314
38797316
38797320
38797328
38797344
38797376
38797440
38797568
38797824
38798336
38799360
38801408
38805504
38813696
38830080
38862848
38928384
39059456
39321600
39845888
39845889
39845890
39845892
39845896
39845904
39845920
39845952
39846016
39846144
39846400
39846912
39847936
39849984
39854080
39862272
39878656
39911424
39976960
40108032
40370176
40894464
40894465
40894466
40894468
40894472
40894480
40894496
40894528
40894592
40894720
40894976
40895488
40896512
40898560
40902656
40910848
40927232
40960000
41025536
41156608
41418752
41943040
41943041
41943042
41943044
41943048
41943056
41943072
41943104
41943168
41943296
41943552
41944064
41945088
41947136
41951232
41959424
41975808
42008576
42074112
42205184
42467328
42991616
42991617
42991618
42991620
42991624
42991632
42991648
42991680
42991744
42991872
42992128
42992640
42993664
42995712
42999808
43008000
43024384
43057152
43122688
43253760
43515904
44040192
44040193
44040194
44040196
44040200
44040208
44040224
44040256
44040320
44040448
44040704
44041216
44042240
44044288
44048384
44056576
44072960
44105728
44171264
44302336
44564480
45088768
45088769
45088770
45088772
45088776
45088784
45088800
45088832
45088896
45089024
45089280
45089792
45090816
45092864
45096960
45105152
45121536
45154304
45219840
45350912
45613056
46137344
46137345
46137346
46137348
46137352
46137360
46137376
46137408
46137472
46137600
46137856
46138368
46139392
46141440
46145536
46153728
46170112
46202880
46268416
46399488
46661632
47185920
47185921
47185922
47185924
47185928
47185936
47185952
47185984
47186048
47186176
47186432
47186944
47187968
47190016
47194112
47202304
47218688
47251456
47316992
47448064
47710208
48234496
48234497
48234498
48234500
48234504
48234512
48234528
48234560
48234624
48234752
48235008
48235520
48236544
48238592
48242688
48250880
48267264
48300032
48365568
48496640
48758784
49283072
49283073
49283074
49283076
49283080
49283088
49283104
49283136
49283200
49283328
49283584
49284096
49285120
49287168
49291264
49299456
49315840
49348608
49414144
49545216
49807360
50331648
50331649
50331650
50331652
50331656
50331664
50331680
50331712
50331776
50331904
50332160
50332672
50333696
50335744
50339840
50348032
50364416
50397184
50462720
50593792
50855936
51380224
51380225
51380226
51380228
51380232
51380240
51380256
51380288
51380352
51380480
51380736
51381248
51382272
51384320
51388416
51396608
51412992
51445760
51511296
51642368
51904512
52428800
52428801
52428802
52428804
52428808
52428816
52428832
52428864
52428928
52429056
52429312
52429824
52430848
52432896
52436992
52445184
52461568
52494336
52559872
52690944
52953088
53477376
53477377
53477378
53477380
53477384
53477392
53477408
53477440
53477504
53477632
53477888
53478400
53479424
53481472
53485568
53493760
53510144
53542912
53608448
53739520
54001664
54525952
54525953
54525954
54525956
54525960
54525968
54525984
54526016
54526080
54526208
54526464
54526976
54528000
54530048
54534144
54542336
54558720
54591488
54657024
54788096
55050240
55574528
55574529
55574530
55574532
55574536
55574544
55574560
55574592
55574656
55574784
55575040
55575552
55576576
55578624
55582720
55590912
55607296
55640064
55705600
55836672
56098816
56623104
56623105
56623106
56623108
56623112
56623120
56623136
56623168
56623232
56623360
56623616
56624128
56625152
56627200
56631296
56639488
56655872
56688640
56754176
56885248
57147392
57671680
57671681
57671682
57671684
57671688
57671696
57671712
57671744
57671808
57671936
57672192
57672704
57673728
57675776
57679872
57688064
57704448
57737216
57802752
57933824
58195968
58720256
58720257
58720258
58720260
58720264
58720272
58720288
58720320
58720384
58720512
58720768
58721280
58722304
58724352
58728448
58736640
58753024
58785792
58851328
58982400
59244544
59768832
59768833
59768834
59768836
59768840
59768848
59768864
59768896
59768960
59769088
59769344
59769856
59770880
59772928
59777024
59785216
59801600
59834368
59899904
60030976
60293120
60817408
60817409
60817410
60817412
60817416
60817424
60817440
60817472
60817536
60817664
60817920
60818432
60819456
60821504
60825600
60833792
60850176
60882944
60948480
61079552
61341696
61865984
61865985
61865986
61865988
61865992
61866000
61866016
61866048
61866112
61866240
61866496
61867008
61868032
61870080
61874176
61882368
61898752
61931520
61997056
62128128
62390272
62914560
62914561
62914562
62914564
62914568
62914576
62914592
62914624
62914688
62914816
62915072
62915584
62916608
62918656
62922752
62930944
62947328
62980096
63045632
63176704
63438848
63963136
63963137
63963138
63963140
63963144
63963152
63963168
63963200
63963264
63963392
63963648
63964160
63965184
63967232
63971328
63979520
63995904
64028672
64094208
64225280
64487424
65011712
65011713
65011714
65011716
65011720
65011728
65011744
65011776
65011840
65011968
65012224
65012736
65013760
65015808
65019904
65028096
65044480
65077248
65142784
65273856
65536000
66060288
66060289
66060290
66060292
66060296
66060304
66060320
66060352
66060416
66060544
66060800
66061312
66062336
66064384
66068480
66076672
66093056
66125824
66191360
66322432
66584576
67108864
67108865
67108866
67108868
67108872
67108880
67108896
67108928
67108992
67109120
67109376
67109888
67110912
67112960
67117056
67125248
67141632
67174400
67239936
67371008
67633152
68157440
68157441
68157442
68157444
68157448
68157456
68157472
68157504
68157568
68157696
68157952
68158464
68159488
68161536
68165632
68173824
68190208
68222976
68288512
68419584
68681728
69206016
69206017
69206018
69206020
69206024
69206032
69206048
69206080
69206144
69206272
69206528
69207040
69208064
69210112
69214208
69222400
69238784
69271552
69337088
69468160
69730304
70254592
70254593
70254594
70254596
70254600
70254608
70254624
70254656
70254720
70254848
70255104
70255616
70256640
70258688
70262784
70270976
70287360
70320128
70385664
70516736
70778880
71303168
71303169
71303170
71303172
71303176
71303184
71303200
71303232
71303296
71303424
71303680
71304192
71305216
71307264
71311360
71319552
71335936
71368704
71434240
71565312
71827456
72351744
72351745
72351746
72351748
72351752
72351760
72351776
72351808
72351872
72352000
72352256
72352768
72353792
72355840
72359936
72368128
72384512
72417280
72482816
72613888
72876032
73400320
73400321
73400322
73400324
73400328
73400336
73400352
73400384
73400448
73400576
73400832
73401344
73402368
73404416
73408512
73416704
73433088
73465856
73531392
73662464
73924608
74448896
74448897
74448898
74448900
74448904
74448912
74448928
74448960
74449024
74449152
74449408
74449920
74450944
74452992
74457088
74465280
74481664
74514432
74579968
74711040
74973184
75497472
75497473
75497474
75497476
75497480
75497488
75497504
75497536
75497600
75497728
75497984
75498496
75499520
75501568
75505664
75513856
75530240
75563008
75628544
75759616
76021760
76546048
76546049
76546050
76546052
76546056
76546064
76546080
76546112
76546176
76546304
76546560
76547072
76548096
76550144
76554240
76562432
76578816
76611584
76677120
76808192
77070336
77594624
77594625
77594626
77594628
77594632
77594640
77594656
77594688
77594752
77594880
77595136
77595648
77596672
77598720
77602816
77611008
77627392
77660160
77725696
77856768
78118912
78643200
78643201
78643202
78643204
78643208
78643216
78643232
78643264
78643328
78643456
78643712
78644224
78645248
78647296
78651392
78659584
78675968
78708736
78774272
78905344
79167488
79691776
79691777
79691778
79691780
79691784
79691792
79691808
79691840
79691904
79692032
79692288
79692800
79693824
79695872
79699968
79708160
79724544
79757312
79822848
79953920
80216064
80740352
80740353
80740354
80740356
80740360
80740368
80740384
80740416
80740480
80740608
80740864
80741376
80742400
80744448
80748544
80756736
80773120
80805888
80871424
81002496
81264640
81788928
81788929
81788930
81788932
81788936
81788944
81788960
81788992
81789056
81789184
81789440
81789952
81790976
81793024
81797120
81805312
81821696
81854464
81920000
82051072
82313216
82837504
82837505
82837506
82837508
82837512
82837520
82837536
82837568
82837632
82837760
82838016
82838528
82839552
82841600
82845696
82853888
82870272
82903040
82968576
83099648
83361792
83886080
83886081
83886082
83886084
83886088
83886096
83886112
83886144
83886208
83886336
83886592
83887104
83888128
83890176
83894272
83902464
83918848
83951616
84017152
84148224
84410368
84934656
84934657
84934658
84934660
84934664
84934672
84934688
84934720
84934784
84934912
84935168
84935680
84936704
84938752
84942848
84951040
84967424
85000192
85065728
85196800
85458944
85983232
85983233
85983234
85983236
85983240
85983248
85983264
85983296
85983360
85983488
85983744
85984256
85985280
85987328
85991424
85999616
86016000
86048768
86114304
86245376
86507520
87031808
87031809
87031810
87031812
87031816
87031824
87031840
87031872
87031936
87032064
87032320
87032832
87033856
87035904
87040000
87048192
87064576
87097344
87162880
87293952
87556096
88080384
88080385
88080386
88080388
88080392
88080400
88080416
88080448
88080512
88080640
88080896
88081408
88082432
88084480
88088576
88096768
88113152
88145920
88211456
88342528
88604672
89128960
89128961
89128962
89128964
89128968
89128976
89128992
89129024
89129088
89129216
89129472
89129984
89131008
89133056
89137152
89145344
89161728
89194496
89260032
89391104
89653248
90177536
90177537
90177538
90177540
90177544
90177552
90177568
90177600
90177664
90177792
90178048
90178560
90179584
90181632
90185728
90193920
90210304
90243072
90308608
90439680
90701824
91226112
91226113
91226114
91226116
91226120
91226128
91226144
91226176
91226240
91226368
91226624
91227136
91228160
91230208
91234304
91242496
91258880
91291648
91357184
91488256
91750400
92274688
92274689
92274690
92274692
92274696
92274704
92274720
92274752
92274816
92274944
92275200
92275712
92276736
92278784
92282880
92291072
92307456
92340224
92405760
92536832
92798976
93323264
93323265
93323266
93323268
93323272
93323280
93323296
93323328
93323392
93323520
93323776
93324288
93325312
93327360
93331456
93339648
93356032
93388800
93454336
93585408
93847552
94371840
94371841
94371842
94371844
94371848
94371856
94371872
94371904
94371968
94372096
94372352
94372864
94373888
94375936
94380032
94388224
94404608
94437376
94502912
94633984
94896128
95420416
95420417
95420418
95420420
95420424
95420432
95420448
95420480
95420544
95420672
95420928
95421440
95422464
95424512
95428608
95436800
95453184
95485952
95551488
95682560
95944704
96468992
96468993
96468994
96468996
96469000
96469008
96469024
96469056
96469120
96469248
96469504
96470016
96471040
96473088
96477184
96485376
96501760
96534528
96600064
96731136
96993280
97517568
97517569
97517570
97517572
97517576
97517584
97517600
97517632
97517696
97517824
97518080
97518592
97519616
97521664
97525760
97533952
97550336
97583104
97648640
97779712
98041856
98566144
98566145
98566146
98566148
98566152
98566160
98566176
98566208
98566272
98566400
98566656
98567168
98568192
98570240
98574336
98582528
98598912
98631680
98697216
98828288
99090432
99614720
99614721
99614722
99614724
99614728
99614736
99614752
99614784
99614848
99614976
99615232
99615744
99616768
99618816
99622912
99631104
99647488
99680256
99745792
99876864
100139008
100663296
